,228661,344743,451484,217752,291649,90317,451480,489417
2016-06-01,,,,,,,,
2016-06-02,,,,,,,,
2016-06-03,,,,,,,,
2016-06-04,,,,,,,,
2016-06-05,,,,,,,,
2016-06-06,,,,,,,,
2016-06-07,,,,,,,,
2016-06-08,,,,,,,,
2016-06-09,5250.0,4460.0,6552.0,4800.0,,4200.0,5194.0,5400.0
2016-06-10,5250.0,4460.0,6552.0,4800.0,,4200.0,5194.0,5400.0
2016-06-11,5250.0,4143.0,6552.0,4800.0,,4200.0,5194.0,5400.0
2016-06-12,5250.0,4143.0,6552.0,4800.0,,4900.0,5194.0,5400.0
2016-06-13,5250.0,4143.0,6552.0,4800.0,,4900.0,5194.0,5400.0
2016-06-14,5250.0,4143.0,6552.0,4800.0,,4900.0,5194.0,5400.0
2016-06-15,5250.0,4143.0,6552.0,4800.0,,4900.0,5194.0,5400.0
2016-06-16,5250.0,4143.0,6552.0,4800.0,,4900.0,5194.0,5400.0
2016-06-17,5250.0,4143.0,6552.0,4800.0,,4900.0,5194.0,5400.0
2016-06-18,5250.0,4143.0,6552.0,4800.0,,4900.0,5194.0,5400.0
2016-06-19,5250.0,4143.0,6552.0,4800.0,,4500.0,5194.0,5400.0
2016-06-20,5250.0,4143.0,6552.0,4800.0,,4500.0,5194.0,5400.0
2016-06-21,5250.0,4143.0,6552.0,4800.0,,4500.0,5194.0,5400.0
2016-06-22,5250.0,4143.0,6552.0,4800.0,,4500.0,5194.0,5400.0
2016-06-23,5250.0,4143.0,6552.0,4800.0,,4500.0,5194.0,5400.0
2016-06-24,5250.0,4143.0,6552.0,4800.0,,4500.0,5194.0,5400.0
2016-06-25,5250.0,4143.0,6552.0,4800.0,,4500.0,5194.0,5400.0
2016-06-26,5250.0,4143.0,6552.0,4800.0,,4900.0,5194.0,5400.0
2016-06-27,5250.0,4143.0,6552.0,4800.0,,4900.0,5194.0,5400.0
2016-06-28,5250.0,4143.0,6552.0,4800.0,,4900.0,5194.0,5400.0
2016-06-29,5250.0,4143.0,6552.0,4800.0,,4900.0,5194.0,5400.0
2016-06-30,5250.0,4143.0,6552.0,4800.0,,4900.0,5194.0,5400.0
2016-07-01,5250.0,4143.0,6552.0,4800.0,,4900.0,5194.0,5400.0
2016-07-02,5250.0,5604.0,7182.0,6000.0,,4900.0,5649.0,6000.0
2016-07-03,5250.0,5604.0,7182.0,6000.0,,4900.0,5649.0,6000.0
2016-07-04,5250.0,5604.0,7182.0,6000.0,,4900.0,5649.0,6000.0
2016-07-05,5250.0,5604.0,7182.0,6000.0,,4900.0,5649.0,6000.0
2016-07-06,5250.0,5604.0,7182.0,6000.0,,4900.0,5649.0,6000.0
2016-07-07,5250.0,5604.0,7182.0,6000.0,,4900.0,5649.0,6000.0
2016-07-08,5250.0,5604.0,7182.0,6000.0,,4900.0,5649.0,6000.0
2016-07-09,5250.0,4565.0,6552.0,4800.0,,4900.0,5194.0,5400.0
2016-07-10,5250.0,4565.0,6552.0,4800.0,,4900.0,5194.0,5400.0
2016-07-11,5250.0,4565.0,6552.0,4800.0,,4900.0,5194.0,5400.0
2016-07-12,5250.0,4565.0,6552.0,4800.0,,4900.0,5194.0,5400.0
2016-07-13,5250.0,4565.0,6552.0,4800.0,,4900.0,5194.0,5400.0
2016-07-14,5250.0,4565.0,6552.0,4800.0,,4900.0,5194.0,5400.0
2016-07-15,5250.0,4565.0,6552.0,4800.0,,4900.0,5194.0,5400.0
2016-07-16,5250.0,4565.0,6552.0,4800.0,,4900.0,5194.0,5400.0
2016-07-17,5250.0,4565.0,6552.0,4800.0,,4900.0,5194.0,5400.0
2016-07-18,5250.0,4565.0,6552.0,4800.0,,4900.0,5194.0,5400.0
2016-07-19,5250.0,4565.0,6552.0,4800.0,,4900.0,5194.0,5400.0
2016-07-20,5250.0,4565.0,6552.0,4800.0,,4900.0,5194.0,5400.0
2016-07-21,5250.0,4565.0,6552.0,4800.0,,4900.0,5194.0,5400.0
2016-07-22,5250.0,4565.0,6552.0,4800.0,,4900.0,5194.0,5400.0
2016-07-23,5250.0,4565.0,6552.0,4800.0,,4900.0,5194.0,5400.0
2016-07-24,5250.0,4565.0,6552.0,4800.0,,4900.0,5194.0,5400.0
2016-07-25,5250.0,4565.0,6552.0,4800.0,,4900.0,5194.0,5400.0
2016-07-26,5250.0,4565.0,6552.0,4800.0,,4900.0,5194.0,5400.0
2016-07-27,5250.0,4565.0,6552.0,4800.0,,4900.0,5194.0,5400.0
2016-07-28,5250.0,4565.0,6552.0,4800.0,,4900.0,5194.0,5400.0
2016-07-29,5250.0,4565.0,6552.0,4800.0,,4900.0,5194.0,5400.0
2016-07-30,5250.0,4354.0,6552.0,4800.0,,4900.0,5194.0,5400.0
2016-07-31,5250.0,4354.0,6552.0,4800.0,,4900.0,5194.0,5400.0
2016-08-01,5250.0,4354.0,6552.0,4800.0,,4900.0,5194.0,5400.0
2016-08-02,5250.0,4354.0,6552.0,4800.0,,4900.0,5194.0,5400.0
2016-08-03,5250.0,4354.0,6552.0,4800.0,,4900.0,5194.0,5400.0
2016-08-04,5250.0,4354.0,6552.0,4800.0,,4900.0,5194.0,5400.0
2016-08-05,5250.0,4354.0,6552.0,4800.0,,4900.0,5194.0,5400.0
2016-08-06,5250.0,3615.0,6552.0,4200.0,,4900.0,5194.0,4200.0
2016-08-07,5250.0,3615.0,6552.0,4200.0,,4900.0,5194.0,4200.0
2016-08-08,5250.0,3615.0,6552.0,4200.0,,4900.0,5194.0,4200.0
2016-08-09,5250.0,3615.0,6552.0,4200.0,,4900.0,5194.0,4200.0
2016-08-10,5250.0,3615.0,6552.0,4200.0,,4900.0,5194.0,4200.0
2016-08-11,5250.0,3615.0,6552.0,4200.0,,4900.0,5194.0,4200.0
2016-08-12,5250.0,3615.0,6552.0,4200.0,,4900.0,5194.0,4200.0
2016-08-13,3500.0,3615.0,6202.0,4200.0,,4900.0,4179.0,4200.0
2016-08-14,3500.0,3615.0,6202.0,4200.0,,4200.0,4179.0,4200.0
2016-08-15,3500.0,3615.0,6202.0,4200.0,,4200.0,4179.0,4200.0
2016-08-16,3500.0,3615.0,6202.0,4200.0,,4200.0,4179.0,4200.0
2016-08-17,3500.0,3615.0,6202.0,4200.0,,4200.0,4179.0,4200.0
2016-08-18,3500.0,3615.0,6202.0,4200.0,,4200.0,4179.0,4200.0
2016-08-19,3500.0,3615.0,6202.0,4200.0,,4200.0,4179.0,4200.0
2016-08-20,3500.0,3615.0,6202.0,4200.0,,4200.0,4179.0,4200.0
2016-08-21,3500.0,3615.0,6202.0,4200.0,,4200.0,4179.0,4200.0
2016-08-22,3500.0,3615.0,6202.0,4200.0,,4200.0,4179.0,4200.0
2016-08-23,3500.0,3615.0,6202.0,4200.0,,4200.0,4179.0,4200.0
2016-08-24,3500.0,3615.0,6202.0,4200.0,,4200.0,4179.0,4200.0
2016-08-25,3500.0,3615.0,6202.0,4200.0,,4200.0,4179.0,4200.0
2016-08-26,3500.0,3615.0,6202.0,4200.0,,4200.0,4179.0,4200.0
2016-08-27,3500.0,3615.0,6202.0,4200.0,,4200.0,4179.0,4200.0
2016-08-28,3500.0,3615.0,6202.0,4200.0,,4200.0,4179.0,4200.0
2016-08-29,3500.0,3615.0,6202.0,4200.0,,4200.0,4179.0,4200.0
2016-08-30,3500.0,3615.0,6202.0,4200.0,,4200.0,4179.0,4200.0
2016-08-31,3500.0,3615.0,6202.0,4200.0,,4200.0,4179.0,4200.0
2016-09-01,3500.0,,6202.0,4200.0,,4200.0,4179.0,4200.0
2016-09-02,3500.0,,6202.0,4200.0,,4200.0,4179.0,4200.0
2016-09-03,3500.0,,6202.0,4200.0,,4200.0,4179.0,4200.0
2016-09-04,3500.0,,6202.0,4200.0,,4200.0,4179.0,4200.0
2016-09-05,3500.0,,6202.0,2250.0,,4200.0,4179.0,2400.0
2016-09-06,3500.0,2560.0,6202.0,2250.0,,3700.0,4179.0,2400.0
2016-09-07,3500.0,2560.0,6202.0,2250.0,,3700.0,4179.0,2400.0
2016-09-08,3500.0,2560.0,6202.0,2250.0,,3700.0,4179.0,2400.0
2016-09-09,3500.0,2560.0,6202.0,2250.0,,3700.0,4179.0,2400.0
2016-09-10,3500.0,2560.0,6202.0,2250.0,,3700.0,4179.0,2400.0
2016-09-11,3500.0,2560.0,6202.0,2250.0,,3700.0,4179.0,2400.0
2016-09-12,3500.0,2560.0,6202.0,2250.0,,3700.0,4179.0,2400.0
2016-09-13,3500.0,2560.0,6202.0,2250.0,,3700.0,4179.0,2400.0
2016-09-14,3500.0,2560.0,6202.0,2250.0,,3700.0,4179.0,2400.0
2016-09-15,3500.0,2560.0,6202.0,2250.0,,3700.0,4179.0,2400.0
2016-09-16,3500.0,2560.0,6202.0,2250.0,,3700.0,4179.0,2400.0
2016-09-17,3500.0,2560.0,6202.0,2250.0,,3700.0,4179.0,2400.0
2016-09-18,3500.0,2560.0,6202.0,2250.0,,3700.0,4179.0,2400.0
2016-09-19,3500.0,2560.0,6202.0,2250.0,,3700.0,4179.0,2400.0
2016-09-20,3500.0,2560.0,6202.0,2250.0,,3700.0,4179.0,2400.0
2016-09-21,3500.0,2560.0,6202.0,2250.0,,3700.0,4179.0,2400.0
2016-09-22,3500.0,2560.0,6202.0,2250.0,,3700.0,4179.0,2400.0
2016-09-23,3500.0,2560.0,6202.0,2250.0,,3700.0,4179.0,2400.0
2016-09-24,3500.0,2560.0,6202.0,2250.0,,3700.0,4179.0,2400.0
2016-09-25,3500.0,2560.0,6202.0,2250.0,,3700.0,4179.0,2400.0
2016-09-26,3500.0,2560.0,6202.0,2250.0,,3700.0,4179.0,2400.0
2016-09-27,3500.0,2560.0,6202.0,2250.0,,3700.0,4179.0,2400.0
2016-09-28,3500.0,2560.0,6202.0,2250.0,,3700.0,4179.0,2400.0
2016-09-29,3500.0,2560.0,6202.0,2250.0,,3700.0,4179.0,2400.0
2016-09-30,3500.0,2560.0,6202.0,2250.0,,3700.0,4179.0,2400.0
2016-10-01,3500.0,2560.0,6202.0,2250.0,,3700.0,4179.0,2400.0
2016-10-02,3500.0,2560.0,6202.0,2250.0,,3700.0,4179.0,2400.0
2016-10-03,3500.0,2560.0,6202.0,2250.0,,3700.0,4179.0,2400.0
2016-10-04,3500.0,2560.0,6202.0,2250.0,,3700.0,4179.0,2400.0
2016-10-05,3500.0,2560.0,6202.0,2250.0,,3700.0,4179.0,2400.0
2016-10-06,3500.0,2560.0,6202.0,2250.0,,3700.0,4179.0,2400.0
2016-10-07,3500.0,2560.0,6202.0,2250.0,,3700.0,4179.0,2400.0
2016-10-08,3500.0,3299.0,6202.0,2250.0,,3700.0,4179.0,2400.0
2016-10-09,3500.0,3299.0,6202.0,2250.0,,3700.0,4179.0,2400.0
2016-10-10,3500.0,3299.0,6202.0,2250.0,,3700.0,4179.0,2400.0
2016-10-11,3500.0,3299.0,6202.0,2250.0,,3700.0,4179.0,2400.0
2016-10-12,3500.0,3299.0,6202.0,2250.0,,3700.0,4179.0,2400.0
2016-10-13,3500.0,3299.0,6202.0,2250.0,,3700.0,4179.0,2400.0
2016-10-14,3500.0,3299.0,6202.0,2250.0,,3700.0,4179.0,2400.0
2016-10-15,3500.0,2032.0,6202.0,2250.0,,3700.0,4179.0,2400.0
2016-10-16,3500.0,2032.0,6202.0,2250.0,,3700.0,4179.0,2400.0
2016-10-17,3500.0,2032.0,6202.0,2250.0,,3700.0,4179.0,2400.0
2016-10-18,3500.0,2032.0,6202.0,2250.0,,3700.0,4179.0,2400.0
2016-10-19,3500.0,2032.0,6202.0,2250.0,,3700.0,4179.0,2400.0
2016-10-20,3500.0,2032.0,6202.0,2250.0,,3700.0,4179.0,2400.0
2016-10-21,3500.0,2032.0,6202.0,2250.0,,3700.0,4179.0,2400.0
2016-10-22,3500.0,2032.0,6202.0,2250.0,,3700.0,4179.0,2400.0
2016-10-23,3500.0,2032.0,6202.0,2250.0,,3700.0,4179.0,2400.0
2016-10-24,3500.0,2032.0,6202.0,2250.0,,3700.0,4179.0,2400.0
2016-10-25,3500.0,2032.0,6202.0,2250.0,,3700.0,4179.0,2400.0
2016-10-26,3500.0,2032.0,6202.0,2250.0,,3700.0,4179.0,2400.0
2016-10-27,3500.0,2032.0,6202.0,2250.0,,3700.0,4179.0,2400.0
2016-10-28,3500.0,2032.0,6202.0,2250.0,,3700.0,4179.0,2400.0
2016-10-29,3500.0,2032.0,6202.0,2250.0,,3700.0,4179.0,2400.0
2016-10-30,3500.0,2032.0,6202.0,2250.0,,,4179.0,2400.0
2016-10-31,3500.0,2032.0,6202.0,2250.0,,,4179.0,2400.0
2016-11-01,3500.0,2032.0,6202.0,2250.0,,3200.0,4179.0,2400.0
2016-11-02,3500.0,2032.0,6202.0,2250.0,,3200.0,4179.0,2400.0
2016-11-03,3500.0,2032.0,6202.0,2250.0,,3200.0,4179.0,2400.0
2016-11-04,3500.0,2032.0,6202.0,2250.0,,3200.0,4179.0,2400.0
2016-11-05,3500.0,2032.0,6202.0,2250.0,,3200.0,4179.0,2400.0
2016-11-06,3500.0,2032.0,6202.0,2250.0,,3200.0,4179.0,2400.0
2016-11-07,3500.0,2032.0,5152.0,1800.0,,3200.0,3360.0,1800.0
2016-11-08,3500.0,2032.0,5152.0,1800.0,,3200.0,3360.0,1800.0
2016-11-09,3500.0,2032.0,5152.0,1800.0,,3200.0,3360.0,1800.0
2016-11-10,3500.0,2032.0,5152.0,1800.0,,3200.0,3360.0,1800.0
2016-11-11,3500.0,2032.0,5152.0,1800.0,,3200.0,3360.0,1800.0
2016-11-12,3500.0,2032.0,5152.0,1800.0,,3200.0,3360.0,1800.0
2016-11-13,3500.0,2032.0,5152.0,1800.0,,3200.0,3360.0,1800.0
2016-11-14,3500.0,2032.0,5152.0,1800.0,,3200.0,3360.0,1800.0
2016-11-15,3500.0,2032.0,5152.0,1800.0,,3200.0,3360.0,1800.0
2016-11-16,3500.0,2032.0,5152.0,1800.0,,3200.0,3360.0,1800.0
2016-11-17,3500.0,2032.0,5152.0,1800.0,,3200.0,3360.0,1800.0
2016-11-18,3500.0,2032.0,5152.0,1800.0,,3200.0,3360.0,1800.0
2016-11-19,4800.0,2032.0,6202.0,2400.0,,3200.0,4179.0,2400.0
2016-11-20,4800.0,2032.0,6202.0,2400.0,,3200.0,4179.0,2400.0
2016-11-21,4800.0,2032.0,6202.0,2400.0,,3200.0,4179.0,2400.0
2016-11-22,4800.0,2032.0,6202.0,2400.0,,3200.0,4179.0,2400.0
2016-11-23,4800.0,2032.0,6202.0,2400.0,,3200.0,4179.0,2400.0
2016-11-24,4800.0,2032.0,6202.0,2400.0,,3200.0,4179.0,2400.0
2016-11-25,4800.0,2032.0,6202.0,2400.0,,3200.0,4179.0,2400.0
2016-11-26,3500.0,2032.0,6202.0,2400.0,,3200.0,4179.0,2400.0
2016-11-27,3500.0,2032.0,5152.0,2400.0,,3200.0,3360.0,2400.0
2016-11-28,3500.0,2032.0,5152.0,1800.0,,3200.0,3360.0,1800.0
2016-11-29,3500.0,2032.0,5152.0,1800.0,,3200.0,3360.0,1800.0
2016-11-30,3500.0,2032.0,5152.0,1800.0,,3200.0,3360.0,1800.0
2016-12-01,3500.0,2032.0,5152.0,1800.0,,3200.0,3360.0,1800.0
2016-12-02,3500.0,2032.0,5152.0,1800.0,,3200.0,3360.0,1800.0
2016-12-03,3500.0,2032.0,5152.0,1800.0,,3200.0,3360.0,1800.0
2016-12-04,3500.0,2032.0,5152.0,1800.0,,3200.0,3360.0,1800.0
2016-12-05,3500.0,2032.0,5152.0,1800.0,,3200.0,3360.0,1800.0
2016-12-06,3500.0,2032.0,5152.0,1800.0,,3200.0,3360.0,1800.0
2016-12-07,3500.0,2032.0,5152.0,1800.0,,3200.0,3360.0,1800.0
2016-12-08,3500.0,2032.0,5152.0,1800.0,,3200.0,3360.0,1800.0
2016-12-09,3500.0,2032.0,5152.0,1800.0,,3200.0,3360.0,1800.0
2016-12-10,3500.0,2032.0,5152.0,1800.0,,3200.0,3360.0,1800.0
2016-12-11,3500.0,2032.0,5152.0,1800.0,,3200.0,3360.0,1800.0
2016-12-12,3500.0,2032.0,5152.0,1800.0,,3200.0,3360.0,1800.0
2016-12-13,3500.0,2032.0,5152.0,1800.0,,3200.0,3360.0,1800.0
2016-12-14,3500.0,2032.0,5152.0,1800.0,,3200.0,3360.0,1800.0
2016-12-15,3500.0,2032.0,5152.0,1800.0,,3200.0,3360.0,1800.0
2016-12-16,3500.0,2032.0,5152.0,1800.0,,3200.0,3360.0,1800.0
2016-12-17,3500.0,2032.0,5152.0,1800.0,,3200.0,3360.0,1800.0
2016-12-18,3500.0,2032.0,5152.0,1800.0,,3200.0,3360.0,1800.0
2016-12-19,3500.0,2032.0,5152.0,1800.0,,3200.0,3360.0,1800.0
2016-12-20,3500.0,2032.0,5152.0,1800.0,,3200.0,3360.0,1800.0
2016-12-21,3500.0,2032.0,5152.0,1800.0,,3200.0,3360.0,1800.0
2016-12-22,3500.0,2032.0,5152.0,1800.0,,3200.0,3360.0,1800.0
2016-12-23,3500.0,2032.0,5152.0,1800.0,,3200.0,3360.0,1800.0
2016-12-24,3500.0,2032.0,5152.0,2400.0,,3200.0,3360.0,2400.0
2016-12-25,3500.0,2032.0,5152.0,2400.0,,3200.0,3360.0,2400.0
2016-12-26,3500.0,2032.0,6202.0,2400.0,,3200.0,4179.0,2400.0
2016-12-27,3500.0,2032.0,6202.0,2400.0,,3200.0,4179.0,2400.0
2016-12-28,3500.0,2032.0,6202.0,2400.0,,3200.0,4179.0,2400.0
2016-12-29,3500.0,2032.0,6202.0,2400.0,,3200.0,4179.0,2400.0
2016-12-30,3500.0,2032.0,6202.0,2400.0,,3200.0,4179.0,2400.0
2016-12-31,3500.0,2032.0,6202.0,2400.0,,3200.0,4179.0,2400.0
2017-01-01,3500.0,2032.0,6202.0,2400.0,,2700.0,4179.0,2400.0
2017-01-02,3500.0,2032.0,,1800.0,,2700.0,,1800.0
2017-01-03,3500.0,2032.0,,1800.0,,2700.0,,1800.0
2017-01-04,3500.0,2032.0,,1800.0,,2700.0,,1800.0
2017-01-05,3500.0,2032.0,,1800.0,,2700.0,,1800.0
2017-01-06,3500.0,2032.0,,1800.0,,2700.0,,1800.0
2017-01-07,3500.0,2032.0,,1800.0,,2700.0,,1800.0
2017-01-08,3500.0,2032.0,,1800.0,,2700.0,,1800.0
